glytoucan_ac,residue_name,residue_id,name,anomer,absolute,ring,parent_id,site,form_name,glycoct_index,limited_to,not_found_in,notes,who,evidence,comment
G28960YA,O-glycan_core_a-D-GalpNAc_C,OC,GalNAc,x,D,p,0,0,GalpNAc,1,,,validated by Qrator
G28960YA,O-glycan_a-D-GalpNAc_552,O552,GalNAc,a,D,p,OC,3,GalpNAc,3,,,not validated
G28960YA,O-glycan_a-D-NeupNAc_535,O535,NeuNAc,a,D,p,OC,6,NeupNAc,5,,,not validated
